%YAML:1.0
rotation: !!opencv-matrix
   rows: 3
   cols: 3
   dt: d
   data: [ 9.9975685700715478e-01, 7.7672538042127494e-03,
       -2.0637263275843375e-02, -7.8229640732803019e-03,
       9.9996596747184974e-01, -2.6201395374398518e-03,
       2.0616209648810249e-02, 2.7809470380488052e-03,
       9.9978359570123365e-01 ]
translation: !!opencv-matrix
   rows: 3
   cols: 1
   dt: d
   data: [ -1.9143266862158965e-02, -1.2878873181945580e-04,
       -6.4611952913823101e-03 ]
essential: !!opencv-matrix
   rows: 3
   cols: 3
   dt: d
   data: [ -5.3200834130525961e-05, 6.4606172459293846e-03,
       -1.4569009462632842e-04, -6.0649626940284147e-03,
       3.0506675721480664e-06, 1.9272465565222458e-02,
       2.7851450664964341e-04, -1.9141615033623428e-02,
       4.7500183415784740e-05 ]
fundamental: !!opencv-matrix
   rows: 3
   cols: 3
   dt: d
   data: [ -8.2175985324516539e-08, 9.9769403120654374e-06,
       -2.1455479115140346e-03, -9.3457059347319498e-06,
       4.6997607138689805e-09, 1.3180312592073135e-02,
       5.8398746742722666e-03, -4.0749866441964683e-02, 1. ]
