%YAML:1.0
cameraMatrix: !!opencv-matrix
   rows: 3
   cols: 3
   dt: d
   data: [ 3.6329751566259307e+02, 0., 2.5597133106122169e+02, 0.,
       3.6338378561193088e+02, 2.0896453972783289e+02, 0., 0., 1. ]
distortionCoefficients: !!opencv-matrix
   rows: 1
   cols: 5
   dt: d
   data: [ 8.7216522947197783e-02, -2.7422683172539480e-01,
       -1.0601205084718260e-03, -1.4419648873552452e-04,
       1.0296990908549566e-01 ]
rotation: !!opencv-matrix
   rows: 3
   cols: 3
   dt: d
   data: [ 1., 0., 0., 0., 1., 0., 0., 0., 1. ]
projection: !!opencv-matrix
   rows: 4
   cols: 4
   dt: d
   data: [ 3.6329751566259307e+02, 0., 2.5597133106122169e+02, 0., 0.,
       3.6338378561193088e+02, 2.0896453972783289e+02, 0., 0., 0., 1.,
       0., 0., 0., 0., 1. ]
