%YAML:1.0
cameraMatrix: !!opencv-matrix
   rows: 3
   cols: 3
   dt: d
   data: [ 1.0540499426129015e+03, 0., 9.6118243776646432e+02, 0.,
       1.0565831723660694e+03, 5.6790062165441293e+02, 0., 0., 1. ]
distortionCoefficients: !!opencv-matrix
   rows: 1
   cols: 5
   dt: d
   data: [ 6.1509162651919851e-02, -1.1280120216656729e-01,
       8.5697140688054108e-04, -7.1321154865379292e-04,
       4.5788996462177878e-02 ]
rotation: !!opencv-matrix
   rows: 3
   cols: 3
   dt: d
   data: [ 1., 0., 0., 0., 1., 0., 0., 0., 1. ]
projection: !!opencv-matrix
   rows: 4
   cols: 4
   dt: d
   data: [ 1.0540499426129015e+03, 0., 9.6118243776646432e+02, 0., 0.,
       1.0565831723660694e+03, 5.6790062165441293e+02, 0., 0., 0., 1.,
       0., 0., 0., 0., 1. ]
