%YAML:1.0
depthShift: 4.6310990331183589e+01
